Mot binaire u:

[[1 0 1 0 1]]


Encodage de u (x=u.G) :

[[1 0 1 0 1 1 0 1 0 1 1 0 0 0 1 1 0 0 0 1]]


Syndrome de x (s=H.x^t) :

[[0 0 0 0 0 0 0 0 0 0 0 0 0 0 0]]


Graphe de Tanner :


0|  3  9 10        0|  3  9 16 19
0|  1  4 10        0|  1  2  6  9
0|  1  5 13        0|  6 11 12 17
0|  0 11 12        0|  0  4  7 19
0|  3  7 11        0|  1  7 13 15
0| 10 12 14        0|  2 15 16 17
0|  1  2  7        0|  7  8  9 11
0|  3  4  6        0|  4  6 15 18
0|  6 12 13        0| 12 14 18 19
0|  0  1  6        0|  0 13 14 16
0| 11 13 14        0|  0  1  5 17
0|  2  6 11        0|  3  4 10 11
0|  2  8 14        0|  3  5  8 14
0|  4  9 14        0|  2  8 10 18
0|  8  9 12        0|  5 10 12 13
0|  4  5  7        
0|  0  5  9        
0|  2  5 10        
0|  7  8 13        
0|  0  3  8        


-------------------------------------
--Bruitage et correction du mot x :
-------------------------------------

Mot de code x :

[[1 0 1 0 1 1 0 1 0 1 1 0 0 0 1 1 0 0 0 1]]


Veceur d'erreurs e1 :

[[0 0 0 1 0 0 0 1 0 0 0 0 0 0 0 0 0 0 0 0]]


Mot de code bruité y1=x+e1 :

[[1 0 1 1 1 1 0 0 0 1 1 0 0 0 1 1 0 0 0 1]]


Syndrome de y1 :

[[0 0 1 1 0 0 1 1 1 0 1 1 0 1 0]]


Correction x1 de y1 :

[[1 0 1 0 1 1 0 1 0 1 1 0 0 0 1 1 0 0 0 1]]

x1 = x : true

------------------------------------------------

Mot de code x :

[[1 0 1 0 1 1 0 1 0 1 1 0 0 0 1 1 0 0 0 1]]


Veceur d'erreurs e2 :

[[0 0 0 1 1 0 0 0 0 0 0 0 0 0 0 0 0 0 0 0]]


Mot de code bruité y2=x+e2 :

[[1 0 1 1 0 1 0 1 0 1 1 0 0 0 1 1 0 0 0 1]]


Syndrome de y2 :

[[0 1 1 0 1 0 0 1 1 1 0 0 0 0 0]]


Correction x2 de y2 :

[[1 0 1 0 1 1 0 1 0 1 1 0 0 0 1 1 0 0 0 1]]

x2 = x : true

------------------------------------------------

Mot de code x :

[[1 0 1 0 1 1 0 1 0 1 1 0 0 0 1 1 0 0 0 1]]


Veceur d'erreurs e3 :

[[0 1 0 0 0 0 0 0 0 0 0 0 0 1 0 0 0 0 0 0]]


Mot de code bruité y3=x+e3 :

[[1 1 1 0 1 1 0 1 0 1 1 0 0 1 1 1 0 0 0 1]]


Syndrome de y3 :

[[0 1 0 0 0 0 0 0 1 0 1 0 1 0 0]]


Correction x3 de y3 :

[[1 0 1 0 1 1 0 1 0 1 1 0 0 0 1 1 0 0 0 1]]

x3 = x : true

------------------------------------------------

Mot de code x :

[[1 0 1 0 1 1 0 1 0 1 1 0 0 0 1 1 0 0 0 1]]


Veceur d'erreurs e4 :

[[0 0 0 1 1 0 0 0 0 0 0 0 0 0 0 0 0 0 1 0]]


Mot de code bruité y4=x+e4 :

[[1 0 1 1 0 1 0 1 0 1 1 0 0 0 1 1 0 0 1 1]]


Syndrome de y4 :

[[0 1 1 0 1 0 0 1 1 1 0 0 0 1 0]]


Correction x4 de y4 :

[[-1 -1 -1 -1 -1 -1 -1 -1 -1 -1 -1 -1 -1 -1 -1 -1 -1 -1 -1 -1]]

x4 = x : false
